4294967278,458
4294967278,457
4294967278,9
4294967279,144
4294967279,143
4294967294,1994
4294967278,7
4294967279,9
4294967279,8
4294967279,7
4294967294,66
4294967294,22
4294967294,1417
4294967279,136
4294967279,135
4294967278,268
4294967279,271
22,6
22,5
4294967279,270
22,4
22,3
22,2
22,1
22,0
4294967279,269
4294967278,6
4294967294,35
4294967294,38
4294967294,90
4294967278,255
4294967294,1425
21,6
4294967278,259
21,5
4294967279,282
21,4
4294967278,328
21,3
21,2
21,1
21,0
4294967279,257
4294967279,398
4294967294,1975
4294967279,252
4294967278,251
4294967278,326
4294967278,248
20,6
4294967279,247
20,5
4294967278,246
20,4
20,3
20,2
20,1
20,0
4294967278,245
4294967279,406
4294967278,333
4294967279,393
4294967279,244
19,4
19,3
19,2
19,1
19,0
4294967279,241
4294967293,131
4294967293,130
4294967293,129
4294967293,128
4294967293,127
4294967293,126
4294967293,125
4294967293,124
4294967293,123
4294967293,122
4294967293,121
4294967293,120
4294967293,119
4294967293,118
4294967293,117
4294967293,116
4294967293,115
4294967293,114
4294967293,113
4294967293,112
4294967293,111
4294967293,110
4294967293,109
4294967293,108
4294967293,107
4294967293,106
4294967293,105
4294967293,104
4294967293,103
4294967293,102
4294967293,101
4294967293,100
4294967293,99
4294967293,98
4294967293,97
4294967293,96
4294967293,95
4294967293,94
4294967293,93
4294967293,92
4294967293,91
4294967293,90
4294967293,89
4294967293,87
4294967293,86
4294967293,85
4294967293,84
4294967293,83
4294967293,82
4294967293,81
4294967293,80
4294967293,79
4294967293,78
4294967293,77
4294967293,76
4294967293,75
4294967293,74
4294967293,73
4294967293,72
4294967293,71
4294967293,70
4294967293,69
4294967293,68
4294967293,67
4294967293,66
4294967293,65
4294967293,64
4294967293,63
4294967293,62
4294967293,61
4294967293,60
4294967293,59
4294967293,58
4294967293,57
4294967293,56
4294967293,55
4294967293,54
4294967293,53
4294967293,52
4294967293,51
4294967293,50
4294967293,49
4294967293,48
4294967293,47
4294967293,46
4294967293,45
4294967293,44
4294967293,43
4294967293,42
4294967293,41
4294967293,40
4294967293,39
4294967293,38
4294967293,37
4294967293,36
4294967293,35
4294967293,34
4294967293,33
4294967293,32
4294967293,31
4294967293,30
4294967293,29
4294967293,28
4294967293,27
4294967293,26
4294967293,25
4294967293,24
4294967293,23
4294967293,22
4294967293,21
4294967293,20
4294967293,19
4294967293,18
4294967293,17
4294967293,16
4294967293,15
4294967293,14
4294967293,13
4294967293,12
4294967293,11
4294967293,10
4294967293,9
4294967293,8
4294967293,7
4294967293,6
4294967293,5
4294967293,4
4294967293,3
4294967278,567
4294967278,130
4294967278,129
4294967278,127
4294967278,126
4294967278,564
4294967278,125
4294967278,123
4294967278,122
4294967278,120
4294967278,119
4294967278,118
4294967278,117
4294967278,116
4294967278,115
4294967278,114
4294967278,109
4294967278,107
4294967278,106
4294967278,105
4294967278,104
4294967278,103
4294967278,101
4294967278,98
4294967278,96
4294967278,95
4294967278,94
4294967278,93
4294967278,92
4294967278,295
4294967278,64
4294967278,294
4294967278,63
4294967278,59
4294967278,338
4294967278,40
4294967278,39
4294967278,38
4294967278,30
4294967278,29
4294967278,26
4294967278,25
4294967278,21
4294967278,88
4294967278,570
4294967278,174
4294967279,387
4294967279,130
4294967279,129
4294967279,127
4294967279,126
4294967279,124
4294967279,123
4294967279,122
4294967279,120
4294967279,119
4294967279,411
4294967279,410
4294967279,320
4294967279,6
4294967279,174
4294967279,88
4294967279,306
4294967279,260
4294967278,113
4294967278,112
4294967278,111
4294967278,110
4294967279,232
4294967279,231
4294967278,108
4294967278,231
4294967279,230
4294967279,226
4294967279,220
18,6
4294967279,224
18,5
18,4
4294967279,222
18,3
18,2
18,1
18,0
4294967278,102
4294967294,111
4294967278,336
4294967278,456
4294967278,100
4294967278,99
4294967279,210
4294967278,97
4294967278,340
4294967279,208
4294967294,89
4294967279,207
4294967279,206
4294967279,203
4294967279,205
17,5
17,4
4294967279,204
17,3
17,2
17,1
17,0
4294967294,1974
4294967279,433
4294967278,200
4294967279,198
16,7
16,3
16,2
16,1
16,0
4294967279,432
4294967279,188
15,5
4294967279,186
4294967279,187
15,3
15,2
15,1
15,0
14,7
14,3
14,2
14,1
14,0
13,6
4294967278,171
4294967279,169
13,3
13,2
13,1
13,0
4294967278,455
4294967278,51
4294967294,1472
12,4
12,3
12,2
12,1
12,0
4294967278,164
11,4
11,3
11,2
11,1
11,0
4294967278,42
10,4
10,3
10,2
10,1
10,0
4294967278,154
4294967278,454
4294967278,37
4294967279,151
4294967279,150
9,4
9,3
9,2
9,1
9,0
4294967279,149
0,7
4294967294,520
4294967294,1409
4294967294,1973
4294967294,1151
4294967294,1216
4294967294,1505
4294967294,521
4294967294,1
4294967294,1150
4294967294,0
4294967278,453
4294967278,452
4294967278,540
4294967278,0
4294967294,1117
4294967294,44
4294967294,43
4294967294,2
4294967278,35
4294967278,34
4294967278,317
4294967294,103
4294967294,1424
4294967294,1423
4294967294,1421
4294967294,1420
4294967294,1419
4294967294,1411
4294967294,1426
4294967294,91
4294967278,32
4294967278,316
4294967279,409
3,4
4294967278,31
4294967278,284
4294967294,49
4294967294,1627
4294967294,1491
4294967294,1149
6,4
4294967294,30
4294967294,1623
4294967294,1484
4294967294,1490
4294967294,1422
4294967294,17
4294967294,96
4294967294,74
4294967294,40
4294967278,28
4294967278,27
4294967294,7
4294967294,5
4294967294,6
4294967294,79
4294967294,41
4294967294,65
4294967294,1594
4294967294,1493
4294967294,1492
4294967294,42
4294967294,1410
4294967294,18
4294967294,123
4294967294,14
4294967294,122
4294967294,20
4294967294,13
4294967294,1147
4294967294,1148
4294967294,12
4294967294,11
4294967294,1626
4294967294,1488
4294967294,1416
4294967294,1224
4294967294,1641
4294967294,1797
4294967294,1590
4294967294,8
4294967294,9
4294967294,1820
4294967279,415
4294967279,414
4294967279,416
4294967278,335
4294967278,341
1,0
4294967294,1804
4294967294,1591
4294967294,1806
4294967294,1536
4294967294,1551
4294967294,1499
4294967294,1599
4294967294,1498
4294967294,1418
4294967294,2029
4294967294,743
4294967294,742
4294967294,1950
4294967294,741
4294967294,740
4294967294,739
4294967294,737
4294967294,733
4294967294,732
4294967294,731
4294967294,729
4294967294,727
4294967294,726
4294967294,725
4294967294,721
4294967294,716
4294967294,715
4294967294,712
4294967294,711
4294967294,710
4294967294,709
4294967294,707
4294967294,706
4294967294,705
4294967294,704
4294967294,702
4294967294,701
4294967294,1799
4294967294,699
4294967294,697
4294967294,690
4294967294,688
4294967294,686
4294967294,685
4294967294,684
4294967294,683
4294967294,682
4294967294,679
4294967294,738
4294967294,677
4294967294,676
4294967294,675
4294967294,674
4294967294,673
4294967294,669
4294967294,668
4294967294,666
4294967294,660
4294967294,658
4294967294,654
4294967294,653
4294967294,652
4294967294,651
4294967294,650
4294967294,648
4294967294,647
4294967294,645
4294967294,643
4294967294,641
4294967294,640
4294967294,638
4294967294,636
4294967294,635
4294967294,634
4294967294,633
4294967294,631
4294967294,630
4294967294,629
4294967294,628
4294967294,627
4294967294,626
4294967294,625
4294967294,623
4294967294,1219
4294967294,617
4294967294,616
4294967294,615
4294967294,614
4294967294,613
4294967294,611
4294967294,610
4294967294,608
4294967294,607
4294967294,606
4294967294,604
4294967294,603
4294967294,602
4294967294,601
4294967294,600
4294967294,598
4294967294,596
4294967294,595
4294967294,594
4294967294,593
4294967294,592
4294967294,142
4294967294,591
4294967294,588
4294967294,586
4294967294,585
4294967294,584
4294967294,583
4294967294,1592
4294967294,582
4294967294,581
4294967294,580
4294967294,319
4294967294,318
4294967294,317
4294967294,315
4294967294,313
4294967294,312
4294967294,308
4294967294,306
4294967294,304
4294967294,298
4294967294,297
4294967294,296
4294967294,295
4294967294,293
4294967294,292
4294967294,290
4294967294,1805
4294967294,283
4294967294,282
4294967294,280
4294967294,277
4294967294,273
4294967294,272
4294967294,270
4294967294,269
4294967294,267
4294967294,266
4294967294,264
4294967294,262
4294967294,258
4294967294,575
4294967294,256
4294967294,255
4294967294,254
4294967294,253
4294967294,252
4294967294,249
4294967294,247
4294967294,245
4294967294,244
4294967294,243
4294967294,242
4294967294,239
4294967294,237
4294967294,236
4294967294,235
4294967294,234
4294967294,233
4294967294,231
4294967294,223
4294967294,222
4294967294,221
4294967294,214
4294967294,213
4294967294,212
4294967294,211
4294967294,208
4294967294,206
4294967294,204
4294967294,202
4294967294,1848
4294967294,199
4294967294,2035
4294967294,197
4294967294,194
4294967294,193
4294967294,562
4294967294,560
4294967294,559
4294967294,558
4294967294,556
4294967294,552
4294967294,566
4294967294,429
4294967294,1111
4294967294,426
4294967294,440
4294967294,420
4294967294,1838
4294967294,1843
4294967294,1833
4294967294,1823
4294967294,526
4294967294,1818
4294967294,1808
4294967294,1936
4294967294,1935
4294967294,1934
4294967294,2021
4294967294,1931
4294967294,1852
4294967294,1930
4294967294,1929
4294967294,1841
4294967294,1926
4294967294,1605
4294967294,1834
4294967294,1922
4294967294,1921
4294967294,1920
4294967294,1604
4294967294,1817
4294967294,1565
4294967294,1819
4294967294,1113
4294967294,1822
4294967294,439
4294967294,1803
4294967294,1096
4294967294,1854
4294967294,1840
4294967294,1836
4294967294,1827
4294967294,1828
4294967294,1414
4294967294,1837
4294967294,1829
4294967294,1413
4294967294,1815
4294967294,1814
4294967294,1786
4294967294,1785
4294967294,1784
4294967294,1783
4294967294,1782
4294967294,1780
4294967294,1779
4294967294,1778
4294967294,1777
4294967294,1776
4294967294,1775
4294967294,1774
4294967294,1773
4294967294,1772
4294967294,1771
4294967294,1781
4294967294,1770
4294967278,331
4294967279,404
4294967278,330
4294967278,329
4294967279,403
4294967279,402
4294967279,401
4294967279,400
4294967278,283
4294967278,282
4294967278,281
4294967278,137
4294967278,270
4294967294,1574
4294967294,1576
4294967294,2023
4294967294,1549
4294967294,1572
4294967294,1562
4294967294,1556
4294967294,1560
4294967294,1553
4294967294,1558
4294967294,1569
4294967294,1563
4294967294,1222
4294967294,1548
4294967294,1542
4294967294,2004
4294967294,1541
4294967294,1597
4294967294,1102
4294967294,121
4294967294,120
4294967294,119
4294967294,1440
4294967294,1438
4294967294,1435
4294967294,1482
4294967294,1481
4294967294,1483
4294967294,1479
4294967294,1434
4294967294,1436
4294967294,1432
4294967294,1431
4294967294,1433
4294967294,1544
4294967294,1547
4294967294,1439
4294967294,1429
4294967294,1478
4294967294,1477
4294967294,1415
4294967294,1469
4294967294,438
4294967294,396
4294967294,67
4294967294,395
4294967294,386
4294967294,385
4294967294,37
4294967294,36
4294967294,1769
